10    
11    
21    
27    
28    
29    
31    
32    
34    
35    
36    
38    
39    
40    
41    
42    
43    
44    
45    
48    
49    
50    
51    
52    
53    
60    
61    
65    
66    
68    
69    
72    
1092  
1096  
1437  
1491  
1712  
2572  
2573  
2574  
2575  
2576  
2330  
2331  
2333  
2336  
2337  
2338  
2339  
2340  
2341  
2342  
2343  
2344  
2345  
2347  
2348  
2349  
2350  
2351  
2352  
2353  
2354  
2355  
2356  
2357  
2358  
2359  
      
2542  
2543  
2545  
2547  
2551  
1988  
1989  
1990  
1992  
1993  
1994  
1995  
1996  
1997  
1998  
2013  
2015  
2017  
2018  
2021  
2022      
1837  
1841  
1842  
1843  
1846  
1848  
1851  
1852  
1853  
1854  
1856  
1857  
1859  
1861  
1862  
1863  
1864  
1865  
1866  
1867  
1869  
1870  
1871  
2570  
2027  
2030  
1043  
1044  
1617  
1618  
2033  
2050  
2051  
816   
817   
818   
820   
821   
824   
825   
827   
829   
830   
831   
832   
834   
836   
837   
839   
840   
842   
844   
846   
847   
848   
849   
851   
853   
854   
855   
856   
857   
859   
860   
862   
865   
867   
869   
870   
872   
874   
875   
876   
877   
878   
880   
881   
882   
883   
885   
886   
887   
888   
889   
890   
891   
892   
893   
894   
895   
897   
899   
901   
902   
903   
904   
910   
911   
916   
917   
920   
921   
922   
923   
924   
925   
927   
928   
929   
930   
931   
932   
933   
934   
935   
937   
939   
940   
941   
942   
944   
945   
946   
950   
951   
952   
953   
954   
955   
956   
957   
958   
959   
960   
966   
970   
973   
975   
978   
979   
981   
982   
983   
984   
985   
986   
988   
989   
990   
991   
992   
993   
994   
996   
997   
1000  
1001  
1003  
1005  
1008  
1010  
1011  
1012  
1013  
1017  
1019  
1021  
1022  
1023  
1025  
1026  
1027  
1028  
1030  
1031  
1032  
1034  
1038  
1268  
1271  
1272  
1273  
1275  
1283  
1284  
1289  
1290  
1292  
1294  
1296  
1297  
1298  
1302  
1308  
1327  
1328  
1329  
1334  
1336  
1337  
1338  
1339  
1344  
1357  
1397  
1400  
1410  
1429  
1430  
1432  
1433  
1434  
1438  
1442  
1443  
1444  
1445  
1446  
1447  
1450  
1452  
1456  
1459  
1460  
1463  
1464  
1465  
1466  
1467  
1468  
1469  
1470  
1471  
1472  
1475  
1477  
1482  
1483  
1484  
1493  
1494  
1495  
1500  
1501  
1502  
1503  
1505  
1506  
1508  
1511  
1512  
1513  
1515  
1517  
1518  
1520  
1522  
1523  
1524  
1527  
1528  
1529  
1531  
1532  
1533  
1534  
1536  
1567  
1569  
1570  
1572  
1573  
1574  
1575  
1576  
1577  
1578  
1580  
1581  
1582  
1584  
1585  
1588  
1591  
1592  
1597  
1599  
1600  
1601  
1602  
1603  
1605  
1607  
1608  
1609  
1610  
1611  
1625  
1626  
1627  
1628  
1629  
1631  
1632  
1633  
1634  
1635  
1636  
1637  
1640  
1641  
1642  
1643  
1644  
1645  
1646  
1649  
1650  
1651  
1652  
1653  
1654  
1655  
1656  
1659  
1660  
1664  
1665  
1666  
1669  
1671  
1674  
1676  
1677  
1681  
1682  
1683  
1684  
1685  
1686  
1688  
1689  
1692  
1695  
1699  
1700  
1702  
1703  
1704  
1707  
1708  
1710  
1711  
1714  
1716  
1717  
1718  
1719  
1721  
1722  
1723  
1724  
1726  
1728  
1730  
1731  
1732  
1733  
1734  
1735  
1736  
1737  
1739  
1740  
1741  
1743  
1793  
1794  
1795  
1796  
1797  
1798  
1799  
1800  
1802  
1803  
1805  
1807  
1809  
1812  
1813  
1814  
1815  
1816  
1817  
1818  
1819  
1820  
1821  
1822  
1823  
1824  
1825  
1826  
1828  
1829  
1875  
1876  
1877  
1878  
1879  
1880  
1881  
1882  
1883  
1884  
1885  
1891  
1892  
1893  
1894  
1895  
1896  
1897  
1898  
1899  
1901  
1902  
1904  
1905  
1906  
1907  
1908  
1909  
1910  
1911  
1912  
1913  
1914  
1915  
1916  
1917  
1918  
1919  
1920  
1921  
1922  
1923  
1924  
1925  
1926  
1927  
1928  
1929  
1930  
1931  
1932  
1933  
1934  
1935  
1936  
1938  
1939  
1941  
1942  
1943  
1944  
2045  
2046  
2047  
2048  
2049  
2360  
2366  
2368  
2369  
2371  
2372  
2374  
2375  
2376  
2377  
2378  
2379  
2380  
2381  
2382  
2387  
2389  
2390  
2391  
2392  
2393  
2395  
2396  
2397  
2399  
2400  
2402  
2409  
2410  
2412  
2413  
2415  
2416  
2418  
2419  
2420  
2421  
2422  
2423  
2425  
2426  
2427  
2432  
2433  
2434  
2435  
2436  
2437  
2438  
2439  
2441  
2442  
2443  
2446  
2448  
2449  
2450  
2451  
2452  
2453  
2454  
2455  
2457  
2459  
2463  
2464  
2466  
2467  
2468  
2470  
2471  
2472  
2473  
2475  
2477  
2478  
2480  
2481  
2482  
2483  
2485  
2487  
2488  
2489  
2491  
2493  
2494  
2495  
2496  
2497  
2498  
2500  
2502  
2503  
2504  
2506  
2507  
2510  
2511  
2514  
2515  
2516  
2517  
2518  
2519  
2520  
2523  
2524  
2529  
2533  
2534  
2535  
2538  
2539  
2569  
1746  
1747  
1888  
1889  
1890  
2031  
1947  
1948  
1949  
1950  
1951  
1952  
1953  
1954  
1955  
1956  
1957  
1958  
1959  
1960  
1961  
1962  
1963  
1964  
1965  
1966  
1967  
1968  
1969  
1970  
1971  
1972  
1973  
1974  
1975  
1976  
1977  
1978  
1979  
1980  
1981  
1982  
1983  
1984  
1985  
1986  
1987  
100007
100029
100039
100040
100041
100050
100052
100053
100054
100055
100056
100063
100064
100068
100069
100071
100072
100075
100077
100078
100079
100080
100083
100084
100085
100086
100087
100091
100092
100093
100094
100097
100103
100106
100109
100110
100111
100112
100113
100114
100115
